l1=60;
l2=80;
og=[-10;0];
od=[10;0];